10
10
859 1357
1104 808
668 374
1005 371
796 446
1104 225
465 78
938 1362
1370 1300
1018 498
10
171 632
226 791
648 1206
1111 1239
442 63
1435 1109
1347 134
959 416
687 853
483 804
10
178 1006
1402 280
178 11
911 978
296 707
1151 1100
529 876
748 1019
1 893
344 1353
10
1264 147
831 454
1010 890
358 1057
1219 1313
1037 781
359 107
1047 690
317 890
973 220
10
546 1255
1411 332
374 240
144 153
1145 313
497 257
682 470
302 148
805 628
806 416
10
825 270
764 752
1202 215
937 559
978 363
983 599
1268 1009
577 957
1162 1240
938 871
10
1172 973
942 929
394 82
668 431
1068 644
424 1064
1292 579
1060 828
476 236
40 853
10
335 521
399 403
304 103
511 729
116 541
202 913
1104 1365
65 334
110 1421
113 902
10
924 1049
868 1190
1375 498
886 1212
264 973
522 948
1105 501
40 1135
1113 857
1031 591
10
905 497
267 507
583 390
750 123
1315 953
434 1223
692 1382
674 212
40 1422
334 235
